4688826
16200140
16105529
14489781
6567477
14724972
14628336
3202510
11647435
11664322
15638382
1621420
13469629
14531725
9821232
4242043
2807295
7611256
3587459
14372688
7409316
16333954
1222914
6579751
9595037
12204148
3033863
9253182
14941269
6817729
12214636
9004091
9304429
9481501
14515798
15583971
12157944
10121696
6082053
9286036
8071070
7010797
11005177
4914465
7187652
12129096
9236696
9273693
775967
3807210
10576363
4476208
10980714
11499632
5255148
14796273
7075475
8015194
9441094
9103254
8522102
5370975
16662225
15501621
12134509
11680019
2673999
13413232
13494515
14900624
6560979
3440006
7131490
1550945
7724136
3386344
6967876
6338026
12646690
3196355
13284791
1058015
2052825
11338512
7032187
15575037
9189790
7125118
16082586
15790399
7602926
2322186
10160154
7167271
7093381
2971611
411676
9129304
2767211
4587440
790408
5601748
2865357
15686970
13299683
307074
14497742
8329360
11839526
15140479
3398734
9637150
4916277
4137613
9093467
14825615
1427036
6862249
4551310
11177337
9214582
1868120
6387056
9524727
5570162
1003624
2456155
404944
10181564
14469737
9110813
4664127
2883479
8133822
1678333
14415446
9334148
9430386
13276533
1609301
14015996
13224550
3206449
6875266
3556407
8259118
16241572
8772028
10784579
10542148
7953320
15638820
12328084
10705290
14967601
2395212
6392901
6987293
8122968
6521243
12247183
9689980
5071482
16683474
9407074
6913990
9173312
14822172
9483230
7804279
1557726
15082603
13676121
6236287
12888815
2813104
9259945
10163954
4732302
6611938
16415215
7716505
13428360
1886692
6917278
9976538
12589451
433622
6227276
6076693
13623409
1439162
12497392
2375280
1383102
1068797
8508510
14031477
8085373
10814195
12875610
8965995
8219067
5382990
1558578
9121111
2592699
10395684
5138395
3410147
4626196
2598996
4672392
8635674
12967859
2980807
3181091
13260756
12552390
524942
8513934
10919461
10729540
12771756
8727405
3731896
4301760
5030917
15269146
7127827
7154408
5032183
15237326
5269800
7980266
15138822
923192
3462484
9760144
15032098
12009123
16121305
14358729
13460793
2167671
15450510
10364632
15245849
9116968
5900024
12338200
13993187
1424317
3326288
6924503
11423994
12028136
3295305
5153650
10353573
15918355
10655055
4801595
12148868
4027672
2368498
9153397
13036923
10740788
15310046
3594477
8926653
12021109
16411742
12428892
9057366
14295109
15980730
3388681
3813096
3841225
15276841
4665242
3063304
4601231
13041904
9285203
11630663
7898288
15229826
16245085
7267297
2625940
12558065
8531438
10473407
11901626
2521061
6728583
3670974
8249954
5543569
7086482
765929
15918721
10087584
2965263
6705119
8557175
176657
9203960
10444949
6689749
909847
7855180
8038462
12966430
13213418
3748286
696409
15217565
4789018
11642395
3104205
7319185
7688832
1859451
16646183
3775863
11634014
8871792
15990100
2557646
13895523
2185533
9084803
15928270
6024029
3615797
4566333
953702
7597402
8180018
5750110
729964
5490858
7311883
7423776
12379712
7094228
4667067
6391592
1711917
2890510
14190806
7349085
9678467
9814001
257683
8762653
5328878
11775085
11988636
11963010
14437552
15632597
9300066
14342239
15698007
7357131
730540
12119517
4064802
14474852
14175325
10142955
1991572
9217392
16189328
2057713
8888038
14676002
16521026
10696423
13802910
974729
4172480
1409835
10618948
7246675
4687455
5879921
15166264
7359033
15907983
6765212
7295434
15249690
16527598
11199060
12445480
3520901
13329498
2926079
11612229
1609385
13277042
9131991
16400860
11774216
13879404
15297512
13303159
864082
15977821
1200915
13133838
685779
7495827
1307212
13243113
3594619
10857654
12598511
8604800
3513458
4277731
9304908
10670527
2638151
16629497
2859334
6219892
4745083
7840426
14416252
11176154
11666691
12366329
4183361
9264629
717966
3688705
935544
6076972
3211548
12569320
2022266
10710674
10297660
5523978
5207058
2817956
2132656
15947104
3503850
8106148
8178364
15018822
7810531
11796341
13097342
10258318
12383027
11310267
10813657
4852488
3509909
16744237
4445008
6078534
7728725
12149840
14341638
14919810
16738722
7320684
1442966
13197127
9332047
7596631
12855048
7788383
579552
684440
8706900
14467919
5728969
12283341
16324120
9529966
8802979
6405226
16528152
406875
2769986
11537884
5637877
3347547
15718079
12893104
1174051
3650486
7286742
9266869
7711435
7741678
6088250
10598695
3182952
15313701
6277677
175544
14228572
12926150
6016241
668604
11555477
8239064
4977041
8203020
1257043
15058205
4606473
699928
10346709
3048310
13768905
925240
2613053
13716610
10202480
2032853
10138224
7454953
6898095
11186917
12937209
5448968
11703867
5220149
4643571
3809840
15682858
8368737
12946215
15979497
6212647
12717234
12953366
5500915
16249716
8721912
4566387
15881756
10890268
6107466
8164612
15705621
7703902
1541578
15912991
8130770
14961897
13222375
8285492
1483774
4381820
7939892
2738390
12987481
14114571
12120494
1055103
9870037
15742431
1959270
16646931
3795812
4839381
5681317
4481435
847735
11327578
6657608
16759069
1135666
16102841
1846142
15789487
2212171
15256802
263494
15983608
12989582
4561155
14293992
3791141
8041168
12612884
9569570
14951237
13053225
2460110
8486985
5224807
7072764
10019191
16331103
13602668
13435971
3871118
7262502
10765751
10885715
10956399
3932014
6474249
11141925
936924
6797882
2868941
1863108
6913163
12527411
10727936
2200935
8110074
1948783
4791901
4570418
16621083
16007676
13623852
14795898
2961838
15789494
15962180
2627779
10373559
16500360
7508750
12221817
927211
3230471
10256502
7478220
493231
7487542
6723944
7459507
2856175
2670704
11670117
5065599
14425586
15058694
11013427
15769076
6369594
11807359
2490372
8567595
8003463
7820660
11052515
13634567
6801446
9970684
11278361
15796795
7733775
499929
7342675
7253347
12947038
10449463
7707912
6593466
10258287
299104
144466
7777169
960530
16404947
11810498
3318413
11233055
5592641
5347649
12629555
9169453
6800744
10245119
5982514
5096497
16090687
9636510
3677755
5484371
11687635
7975042
1759012
5614241
871460
13906682
9857341
1353978
15760283
343921
4800961
2700526
12327998
11089204
11233891
12374639
3931191
8647321
5444044
9605266
14802829
1983863
15376897
5183747
1793440
508059
14414440
646495
13415600
4920540
1132596
8841785
15358979
12838362
12229032
8182096
9233968
11377177
13105826
6661695
5440754
12494129
4785808
7499741
16756299
13378359
5474493
8974973
9694957
14141241
11750307
16619861
12175319
13610413
5885334
8787327
16608161
14270519
6441175
11762769
566101
8209358
3795386
4055830
15032764
6930030
1889049
4487373
15359702
5476357
7373578
1461480
10336937
7269363
5034778
13543917
9393870
11597747
13825050
12347728
11010077
5040310
4382907
7110913
13782378
9593135
12945412
12562374
15590596
1895155
1035182
7430603
14138769
13846985
11469626
13846442
2228980
4591012
4742569
7118238
2618908
16712255
8965438
2790326
8526777
16522805
11955671
8966233
13242736
4639124
7803610
9085415
4886562
9876499
12130498
5142479
771343
10555311
732081
3593511
8498715
2917977
15113081
4891556
13589565
2714285
15757767
12450691
10664387
12373289
6220845
3789105
7993426
3717983
10259679
2756922
10115975
14681593
16168441
11103349
16541916
6266570
9566016
11021940
12733160
174962
8313118
15991970
6460707
695336
15873234
1936107
4762962
7297805
16710753
10291278
5539900
6914134
842002
7348299
16428993
12745755
2103248
13292258
5290029
7997700
9505751
8733092
16212410
10863982
7875758
11467320
2431064
14508979
9748587
2390954
11257672
10352699
16292275
16720147
14151354
15734228
2180585
13057819
12547972
5820531
4630119
11671656
14170911
10921218
13515623
12071954
1567838
14189625
2882520
4443914
2737892
12371899
12076510
1680015
10217499
1389981
6343770
10515654
11971429
4786316
8661332
15276554
14287969
11891532
14772117
13650814
6898870
15308561
7150145
2453333
7708191
4935267
6480799
15984194
5905852
13796290
11157419
1656219
6283583
9544972
8544090
2624522
13724234
4183277
11497968
4039882
6403698
7408404
11939279
727299
15801173
5031124
6047176
8756524
14206200
16200483
783818
8621837
11108578
14223949
6186600
632206
14129594
14345421
3439726
5278577
9749707
11095778
12002643
8863401
11621534
746770
12020989
9375065
8868078
1894092
8518093
15823910
14285917
6209681
5569427
6184470
2255598
11436224
14314854
9507087
7719119
14983180
2276359
15499716
9107221
14800120
2074284
13880039
4150003
15677803
6451652
3497044
8809347
4676698
6710886
3294280
10529185
15042798
6355121
9710731
7570482
3459645
9953137
10327364
10340657
14239667
3846927
3875835
7290880
2843812
3691675
6161761
14410759
16125513
15344488
2111630
11998791
14968937
8510360
15454321
10242379
3783529
9209175
12505512
10824758
15427636
5769078
11152667
9275063
4493454
3887980
8890468
1087595
14616262
15634580
14440796
8626642
13860769
11842520
1382414
11303684
12160607
4019099
5254862
13169784
319044
7586093
15610184
1497008
571598
9254000
8891904
6838275
9116946
9342948
8792074
6403820
7372030
14652826
1248682
842232
3291744
9219304
7088606
15080187
15591545
1779748
15542286
5584019
15167926
14916831
12930965
10800312
13429958
5299042
7380555
4568333
6496948
12558199
209614
15395809
13408793
1091498
5289714
3414261
9638784
6268262
9155979
6391295
14451250
11653743
11655849
1850235
1903731
4195165
3522361
3685997
7729119
8986049
2924330
7088911
11490353
1308599
8722510
6900154
15745298
14882988
11767392
7761699
4836559
7377925
14754565
2139624
3736296
12417391
6112509
7595379
6904896
657234
13956411
233657
12218530
3280399
9314633
11513271
12444589
3187007
5065987
16237715
15181800
10249017
2263167
12917254
3363549
7156171
12320508
2227237
6112842
13288688
7652984
231904
15097459
14591215
9491178
2139232
8205682
5877778
16496891
16413987
8325383
3859672
2705584
10124268
8858855
15740689
6935938
834523
690415
3877111
14382377
12396190
16703953
16773124
11576743
233273
16063936
9167771
4852718
14512939
15924915
16721251
10720297
8451988
12526162
3832670
2670746
14956697
12373624
6321806
14143928
10754777
7147862
15657242
6975383
16205970
14288840
14182530
12727900
6944303
9325639
8335010
5895166
16513854
15619859
13744832
13455823
14302533
2506181
6186490
10565008
15356086
3090229
4929514
3103365
8225043
12511775
1107024
16109410
10128299
5487145
12938501
15292600
11247475
1780268
11966314
2602303
10846312
12182701
7708130
4376640
7982185
14657049
6184907
14447436
3644093
6598994
729263
5306759
8537475
6041447
14988617
5834998
2217212
7590095
5705248
1685342
9236241
9392827
14507854
11072970
6717846
2821908
3532598
13051145
4176567
12837807
750981
12375076
7200904
9831941
15562018
2188611
2999825
7855692
11417896
12047194
8257818
14022725
11844400
5990542
8167389
8864609
5284529
9537639
12216354
6168572
11425353
13319836
15864189
10784349
1096490
15917471
13523552
10604307
5970174
12809229
12069423
6360279
4654033
11374457
10387977
7700404
2692764
16671598
5576918
9419124
11356758
13822462
14544420
10511776
7512891
13888925
6594737
7030102
15291234
13516777
2826709
7156261
2298452
1821567
5743839
9286850
16433338
4362753
4722986
8425012
12071122
6592582
1009155
14507293
11961239
9503417
9535637
13520767
9411347
12046607
9411822
8530945
2557843
5355429
2835354
6921991
12329696
7951408
2268329
4122753
6753742
11177933
7294695
10889478
1408215
8218612
988594
16423256
5761942
15460206
5863765
7405480
8609851
11206176
15856596
12608551
4098880
3254065
15671050
9378682
731052
10536706
794481
2102121
5450110
15995490
10658115
5854709
7984321
16692311
1288856
15137370
414948
16002364
7140585
10509346
3415047
16435674
7348674
665449
10891472
7547343
15538582
9332912
578131
12027585
2381726
10338160
1403023
4788104
3959318
13276783
9680876
12833022
9638582
8648022
16095953
13551350
343818
10112424
5714318
13768833
10715988
5659467
872779
11720898
12800970
8171563
1639095
5531218
12736389
4211783
2085815
3835010
4113688
8255875
1740862
3881170
7119500
15767031
2314466
6838610
1661136
10455631
300466
9399265
7642283
15385807
3273753
11546591
7603488
11192080
6982529
14678340
14253976
7716182
2132132
8932059
11167089
5051498
5324626
13703946
3502972
14038906
9128075
5273704
14480019
9571394
807850
4147019
14196699
13785581
7429992
8279189
13855572
12486813
7962422
7707131
11469623
16690533
9143675
14500454
13427214
16077495
10516441
16682797
5223384
4466883
15590079
16733821
4741977
6759988
5470426
5991817
6790026
11704553
10560831
11944945
6934894
8341981
11421513
13135426
10067890
512092
3563873
8806747
11650916
2769110
16022275
494940
16414354
2417761
12250726
9310629
13721307
4130991
7448154
6683277
1911332
8210122
12254425
4276647
924206
2554445
14072290
3432570
817234
10470665
5578801
11485480
5840083
1750278
14529870
13280690
1499133
15425238
16019545
14353211
7852798
9796836
9918961
16541727
1915298
4292592
10634070
11061142
12022048
5514882
6170309
12075327
3684864
7107138
3918554
10376169
9679720
9899100
1993096
15916793
1059988
4839175
10558697
9451963
7056595
10722068
1221607
15477324
11768654
13082401
4348514
11610851
12012794
246659
648998
12587699
600150
8934473
442766
5116964
10193707
9835285
12000339
3154554
12713535
5344843
5277327
10001142
7986408
9589841
10121847
3456479
14363270
7284981
5195476
10072334
4048253
2517752
7823290
11066433
13469108
15546596
9427027
3225001
6349737
16359601
9291278
14231598
6134788
12179171
8196307
10228268
5433875
12961948
3268408
4964508
13101284
15246076
1830121
12051753
12543635
12812754
9344987
7361294
2484021
14047732
3029501
5645378
7807996
5599781
1766499
4256780
5988251
4522318
10850819
12100371
805228
16618521
4259415
14743699
11185604
6621079
1905448
4629141
1909212
10593410
12028949
10756338
15627513
9650188
15124787
13890069
2731504
2121130
391269
10199742
13200346
8182372
4995535
16203841
2345393
8945529
9409259
134465
12945059
10969290
2355332
13205605
9094996
10659201
16004592
6332702
710347
10575827
5653133
6438227
12052367
13475159
1442173
5013896
9959021
9348480
7327316
4053266
1773503
4346162
12304192
15606469
4572478
8191500
10778061
4656590
10519892
3697711
11396683
6522711
7904385
11009700
10600032
952876
4017595
13999921
4692228
2374293
8777418
13617093
9804982
407672
5904725
9363130
14240618
4490486
15763442
14266967
16301577
4826565
8148892
4133823
7865108
6689768
3232015
4101191
13065293
8655756
12204551
9013960
13391330
8076408
9739224
2667191
15701461
721866
10158819
14020196
5206002
8985999
14190662
13472129
1449164
2327868
16581782
13224776
1342657
9057318
8001237
3119414
13491744
13183665
1977749
6061580
3920634
7762213
5761346
5703219
16317239
14773773
6087806
7207924
865779
4165189
6394648
5422363
14884112
16205059
9392015
5450162
8479567
4209858
16165621
2783799
6865701
3072782
10676755
14247044
4781764
3855912
7703771
9853713
8960949
14879165
1409483
3965865
15430015
8025342
14347623
11533017
5140160
16113119
7036430
12904838
2680354
2345130
15007061
7553999
4526186
4128136
420259
3816827
3632606
16356687
15395872
13939029
4532994
362652
14663682
11081926
4136598
4431349
13637666
2230237
12401772
13431496
10876425
15618658
14663068
5223621
15280656
6783323
3759653
11979668
3988948
1550166
5430768
9034406
3717416
2758247
5446309
1191556
4283578
11877973
6126734
10204431
8709363
13886906
16625229
10044128
6238762
10483493
753844
3354181
16224500
3654966
8256946
15734827
2704740
7968689
13748660
11129322
8494626
15122718
1869417
7881169
3225547
5225014
9873205
9069849
16424329
7845812
6585124
12048934
7508169
13951352
13679732
5527260
5637862
6838497
4462415
15272495
11722753
14305639
15164017
9761618
2162092
498448
3211762
15915342
6990293
4254758
12558479
10535239
13246010
12988410
4870925
7527770
15522281
1230040
4703902
9052044
9415849
3255669
1866284
16214320
1035956
6462246
14784202
3478751
8637967
3602439
9035890
11734334
1693893
3183591
6013298
7033513
8008843
9438814
4565977
2401071
1785813
15099092
3356758
15247465
8312321
14306915
427218
5157662
12158781
1268414
15831590
2986755
7464146
4462079
12036893
2344575
6734576
6447902
8215272
12136669
15225220
15694688
12255739
7418423
9328028
8452997
1818922
3387638
14654362
13521347
4392841
13174512
11429882
1657533
7246735
5001437
14788495
1042835
16115311
3157056
7917831
16628001
6419864
1714884
5091137
6259691
16579758
4927644
16580124
13049602
8558144
13070978
405941
15960892
9981381
1904060
13676969
14291346
4425303
609742
7276160
8303674
11100638
14485090
5187219
12318782
921625
13316480
13527234
7529406
10162002
13359142
13061592
7562723
2237699
1284901
4189440
8003522
3774252
1884483
2651036
13546180
12786270
10427307
4252870
7203640
5527805
3428345
12361777
14681530
5406845
5764474
9351779
16594372
3550627
10851985
4030786
1891452
8381483
396742
5176990
688690
3093591
406663
12422829
8303735
1195327
15113817
13214150
11603881
14059697
14330612
6256184
8959766
2797792
4387510
16670960
7383908
15201248
8824753
9019568
474610
7217506
10979528
15818688
13523476
15808209
11819089
4381339
7447758
16369992
4139782
4740773
13910416
9176714
8547186
13226506
3223757
8311392
11798329
16268496
599307
1916773
666746
